2.0 4 32 16 0.001 0.1515498843880597 0.13200880943283583
2.0 4 32 16 0.002 0.1472482005970149 0.13164968579104477
2.0 4 32 32 0.001 0.1464156542238806 0.1295760932238806
2.0 4 32 32 0.002 0.15164305514925375 0.12886060267164182
2.0 4 64 16 0.001 0.1486997444925373 0.12946262610447762
2.0 4 64 16 0.002 0.1522884184029851 0.12812192019402985
2.0 4 64 32 0.001 0.1494672325074627 0.1254676203283582
2.0 4 64 32 0.002 0.14684883326865672 0.13054110008955228
2.0 4 128 16 0.001 0.1537469722686567 0.1331992313432836
2.0 4 128 16 0.002 0.1569311274477612 0.1309447589402985
2.0 4 128 32 0.001 0.15146666947761195 0.13064269791044775
2.0 4 128 32 0.002 0.14300119204477613 0.12985709364179104
2.0 8 32 16 0.001 0.14731372764179101 0.13005413634328358
2.0 8 32 16 0.002 0.14580874447761194 0.1335134023880597
2.0 8 32 32 0.001 0.15195289474626866 0.13052297131343282
2.0 8 32 32 0.002 0.1489464037164179 0.13045516258208956
2.0 8 64 16 0.001 0.1508121432835821 0.1301503098358209
2.0 8 64 16 0.002 0.15094916556716417 0.1321068794477612
2.0 8 64 32 0.001 0.14926125714925373 0.12975527629850747
2.0 8 64 32 0.002 0.14683933498507462 0.12820606376119403
2.0 8 128 16 0.001 0.149819205 0.13189320576119404
2.0 8 128 16 0.002 0.14803931425373135 0.13180314699999998
2.0 8 128 32 0.001 0.1468322743880597 0.12866548249253731
2.0 8 128 32 0.002 0.15340781700000003 0.13030850846268657
2.0 16 32 16 0.001 0.15138418582089552 0.1352522750597015
2.0 16 32 16 0.002 0.15243402985074625 0.12834930676119402
2.0 16 32 32 0.001 0.15180249656716416 0.13058404468656715
2.0 16 32 32 0.002 0.1521658012686567 0.12890741062686567
2.0 16 64 16 0.001 0.15057800517910447 0.13516716582089552
2.0 16 64 16 0.002 0.14857486785074628 0.13204923655223882
2.0 16 64 32 0.001 0.14924922202985078 0.13172584508955223
2.0 16 64 32 0.002 0.14651731017910447 0.12884402843283582
2.0 16 128 16 0.001 0.1583878392686567 0.1359324821492537
2.0 16 128 16 0.002 0.15315135858208953 0.13218452644776119
2.0 16 128 32 0.001 0.14925879402985076 0.12839934104477613
2.0 16 128 32 0.002 0.15224118414925372 0.1312127191044776
2.0 32 32 16 0.001 0.16423085185074626 0.146856109
2.0 32 32 16 0.002 0.15968249182089553 0.1379743823880597
2.0 32 32 32 0.001 0.15709423101492537 0.13834504013432838
2.0 32 32 32 0.002 0.1641982381791045 0.1432129371044776
2.0 32 64 16 0.001 0.15894819170149252 0.1393828478358209
2.0 32 64 16 0.002 0.1759041825522388 0.154468259
2.0 32 64 32 0.001 0.15461471623880596 0.13246974125373132
2.0 32 64 32 0.002 0.1495323630597015 0.14092261029850744
2.0 32 128 16 0.001 0.16084832335820895 0.14473941319402986
2.0 32 128 16 0.002 0.1610662847164179 0.14480188923880596
2.0 32 128 32 0.001 0.15901521011940298 0.14120936976119403
2.0 32 128 32 0.002 0.19604699977611942 0.1817855764477612
4.0 4 32 16 0.001 0.13875312723880598 0.12658425677611942
4.0 4 32 16 0.002 0.1393834682238806 0.12309257880597016
4.0 4 32 32 0.001 0.13760962211940297 0.1233646300597015
4.0 4 32 32 0.002 0.13856109471641792 0.12574194646268655
4.0 4 64 16 0.001 0.13707717480597015 0.12660817350746267
4.0 4 64 16 0.002 0.13648305780597014 0.12304781686567164
4.0 4 64 32 0.001 0.13471398029850745 0.12421942889552237
4.0 4 64 32 0.002 0.13425940210447762 0.11842949150746268
4.0 4 128 16 0.001 0.1330893650597015 0.12189796507462687
4.0 4 128 16 0.002 0.13144963183582087 0.119732328880597
4.0 4 128 32 0.001 0.13257025988059704 0.12300229719402986
4.0 4 128 32 0.002 0.13086655053731344 0.12017379553731344
4.0 8 32 16 0.001 0.13934595689552237 0.12490385165671643
4.0 8 32 16 0.002 0.13297246337313434 0.12065614856716418
4.0 8 32 32 0.001 0.13518146792537314 0.13006740513432838
4.0 8 32 32 0.002 0.1372244288955224 0.12330298507462686
4.0 8 64 16 0.001 0.13259931759701493 0.1222939371641791
4.0 8 64 16 0.002 0.13562288068656717 0.11848936453731343
4.0 8 64 32 0.001 0.13552737797014927 0.12329631579104479
4.0 8 64 32 0.002 0.14025307047761193 0.12087741828358207
4.0 8 128 16 0.001 0.13410248185074627 0.12172614065671641
4.0 8 128 16 0.002 0.13199016592537313 0.11793065768656716
4.0 8 128 32 0.001 0.1321200441044776 0.1198213458358209
4.0 8 128 32 0.002 0.1325965967164179 0.12158907364179106
4.0 16 32 16 0.001 0.1430284857164179 0.12243260765671643
4.0 16 32 16 0.002 0.14209478092537312 0.12992572480597014
4.0 16 32 32 0.001 0.1338833391044776 0.12000643053731344
4.0 16 32 32 0.002 0.13944747713432837 0.12064828749253732
4.0 16 64 16 0.001 0.13926098468656717 0.12940643069552238
4.0 16 64 16 0.002 0.13403366714925374 0.12352350873134327
4.0 16 64 32 0.001 0.13524875807462686 0.12099528920895523
4.0 16 64 32 0.002 0.1333365943283582 0.12001614623880595
4.0 16 128 16 0.001 0.13712958653731344 0.12344132000000002
4.0 16 128 16 0.002 0.14041563798507462 0.1317259231044776
4.0 16 128 32 0.001 0.13194591965671643 0.11902736219402985
4.0 16 128 32 0.002 0.13857824325373136 0.11923478885074629
4.0 32 32 16 0.001 0.1387928426716418 0.12227554520895523
4.0 32 32 16 0.002 0.13733431931343282 0.1251963522238806
4.0 32 32 32 0.001 0.14013780119402985 0.12825838807462686
4.0 32 32 32 0.002 0.13042394940298507 0.1229166964029851
4.0 32 64 16 0.001 0.13177807519402984 0.12175276628358209
4.0 32 64 16 0.002 0.1376187982238806 0.12679136973134328
4.0 32 64 32 0.001 0.1373663828955224 0.12065568713432837
4.0 32 64 32 0.002 0.13835664650746268 0.12280663512686565
4.0 32 128 16 0.001 0.1487956132835821 0.12649049891044775
4.0 32 128 16 0.002 0.18237373962686565 0.16709878453731344
4.0 32 128 32 0.001 0.1392810352686567 0.1221733131641791
4.0 32 128 32 0.002 0.8906267361641794 0.12751877507462686
8.0 4 32 16 0.001 0.15767349329850747 0.1334800161044776
8.0 4 32 16 0.002 0.15634999704477612 0.13111956458208954
8.0 4 32 32 0.001 0.15434363647761196 0.13685506002985073
8.0 4 32 32 0.002 0.157487671 0.12830667432835818
8.0 4 64 16 0.001 0.16114393504477612 0.140680593880597
8.0 4 64 16 0.002 0.1472169038955224 0.1281437672089552
8.0 4 64 32 0.001 0.15438812173134328 0.13704661926865672
8.0 4 64 32 0.002 0.15428219219402986 0.1335960705074627
8.0 4 128 16 0.001 0.1600047673283582 0.14098343891044776
8.0 4 128 16 0.002 0.1505622685522388 0.1325210477164179
8.0 4 128 32 0.001 0.15550743574626866 0.13147713097014924
8.0 4 128 32 0.002 0.1536500771641791 0.13055921510447763
8.0 8 32 16 0.001 0.15337237226865671 0.1340163467313433
8.0 8 32 16 0.002 0.14788737311940298 0.1325674039402985
8.0 8 32 32 0.001 0.15120496225373134 0.13268068605970149
8.0 8 32 32 0.002 0.15556103707462685 0.12715863204477612
8.0 8 64 16 0.001 0.1539140264477612 0.13246000331343283
8.0 8 64 16 0.002 0.1497214036567164 0.13661728947761195
8.0 8 64 32 0.001 0.15040986356716418 0.13329654652238807
8.0 8 64 32 0.002 0.15251709929850746 0.13094872226865673
8.0 8 128 16 0.001 0.15722907316417908 0.133425188
8.0 8 128 16 0.002 0.15367398019402986 0.12862381408955226
8.0 8 128 32 0.001 0.16029332720895523 0.13593851031343285
8.0 8 128 32 0.002 0.14852244177611942 0.1283851963880597
8.0 16 32 16 0.001 0.1479776146567164 0.13242293214925374
8.0 16 32 16 0.002 0.14698715991044778 0.12906095547761195
8.0 16 32 32 0.001 0.1495882134477612 0.1318688735074627
8.0 16 32 32 0.002 0.14531647426865674 0.1258403128955224
8.0 16 64 16 0.001 0.14745058614925372 0.13185240243283583
8.0 16 64 16 0.002 0.14942994135820897 0.13291392341791045
8.0 16 64 32 0.001 0.15649260052238806 0.13393667559701494
8.0 16 64 32 0.002 0.15165979325373133 0.13012826597014926
8.0 16 128 16 0.001 0.14427857008955222 0.13040360201492537
8.0 16 128 16 0.002 0.16008477140298508 0.14061106762686568
8.0 16 128 32 0.001 0.15392288758208955 0.13037897882089552
8.0 16 128 32 0.002 0.15690931828358207 0.13883044847761192
8.0 32 32 16 0.001 0.15020068082089552 0.13335545461194032
8.0 32 32 16 0.002 0.1524846957761194 0.132165495119403
8.0 32 32 32 0.001 0.15066280558208955 0.12591431228358207
8.0 32 32 32 0.002 0.1503304792686567 0.12989225131343285
8.0 32 64 16 0.001 0.15716123991044775 0.13802615498507464
8.0 32 64 16 0.002 0.18035696747761193 0.16644065574626865
8.0 32 64 32 0.001 0.1456253649402985 0.12970051401492538
8.0 32 64 32 0.002 0.15839893447761194 0.1417091968507463
8.0 32 128 16 0.001 0.2063698971044776 0.188907601119403
8.0 32 128 16 0.002 0.17891532652238806 0.16715835492537315
8.0 32 128 32 0.001 0.15997340601492535 0.14341460117910448
8.0 32 128 32 0.002 0.18849153140298505 0.17418286537313435
