2.0 4 32 16 0.001 0.17004621126865674 0.15337248605970147
2.0 4 32 16 0.002 0.16858504101492536 0.15218010916417912
2.0 4 32 32 0.001 0.16848117868656717 0.1543203501641791
2.0 4 32 32 0.002 0.16699133673134328 0.15024086897014927
2.0 4 64 16 0.001 0.1700383110597015 0.15382236714925374
2.0 4 64 16 0.002 0.16665593123880595 0.15041480076119404
2.0 4 64 32 0.001 0.1680832407313433 0.15412811059701492
2.0 4 64 32 0.002 0.16525985413432837 0.14924915780597015
2.0 4 128 16 0.001 0.16859230619402985 0.15299066583582088
2.0 4 128 16 0.002 0.16761212947761192 0.14987199292537312
2.0 4 128 32 0.001 0.1676882162686567 0.1495966760447761
2.0 4 128 32 0.002 0.1656939782835821 0.14964438858208956
2.0 8 32 16 0.001 0.16846635889552242 0.15440250270149253
2.0 8 32 16 0.002 0.16739877771641792 0.15086646140298507
2.0 8 32 32 0.001 0.16810057210447762 0.15421224595522387
2.0 8 32 32 0.002 0.16475372986567163 0.14973603671641791
2.0 8 64 16 0.001 0.16760712847761194 0.15113097834328357
2.0 8 64 16 0.002 0.1655278531044776 0.1484045472238806
2.0 8 64 32 0.001 0.16463623205970151 0.15029594453731343
2.0 8 64 32 0.002 0.16656118668656716 0.1494850874925373
2.0 8 128 16 0.001 0.16678468447761197 0.15019307686567165
2.0 8 128 16 0.002 0.16822462071641792 0.14932478449253733
2.0 8 128 32 0.001 0.16634155459701497 0.14816935565671643
2.0 8 128 32 0.002 0.16778981691044775 0.14930414450746268
2.0 16 32 16 0.001 0.16758905658208956 0.15306556991044776
2.0 16 32 16 0.002 0.1644292196119403 0.14943367705970154
2.0 16 32 32 0.001 0.16942658023880597 0.1532135963880597
2.0 16 32 32 0.002 0.16626473853731344 0.15027142235820895
2.0 16 64 16 0.001 0.16832561477611943 0.15459284002985077
2.0 16 64 16 0.002 0.1685601207910448 0.14809112037313432
2.0 16 64 32 0.001 0.16612309501492536 0.1487548609552239
2.0 16 64 32 0.002 0.1676000470447761 0.15100553197014926
2.0 16 128 16 0.001 0.16584072537313435 0.14927467879104478
2.0 16 128 16 0.002 0.16712964544776118 0.14917081297014928
2.0 16 128 32 0.001 0.1675377269402985 0.14929078828358208
2.0 16 128 32 0.002 0.1679120953880597 0.15003379037313433
2.0 32 32 16 0.001 0.16887438841791044 0.1544158566119403
2.0 32 32 16 0.002 0.16718553482089554 0.15216222011940297
2.0 32 32 32 0.001 0.16902086267164176 0.15491937632835823
2.0 32 32 32 0.002 0.17027999858208956 0.15545517935820896
2.0 32 64 16 0.001 0.16854671405970148 0.1541125523880597
2.0 32 64 16 0.002 0.16682054841791047 0.14955313197014927
2.0 32 64 32 0.001 0.1715002945522388 0.1548022851641791
2.0 32 64 32 0.002 0.16648305140298506 0.14971624556716417
2.0 32 128 16 0.001 0.1693675417761194 0.15515113174626866
2.0 32 128 16 0.002 0.16793055797014925 0.1492767114029851
2.0 32 128 32 0.001 0.16596414711940297 0.14869445476119403
2.0 32 128 32 0.002 0.16674562025373135 0.14895469016417912
4.0 4 32 16 0.001 0.16616798168656718 0.1604645540597015
4.0 4 32 16 0.002 0.1625566278955224 0.1514339136716418
4.0 4 32 32 0.001 0.16581310725373133 0.15718417119402983
4.0 4 32 32 0.002 0.1635342152686567 0.1520633603283582
4.0 4 64 16 0.001 0.17648268576119405 0.1580389274925373
4.0 4 64 16 0.002 0.16437583776119402 0.15538361053731342
4.0 4 64 32 0.001 0.16277861707462685 0.15288349219402986
4.0 4 64 32 0.002 0.16358150959701495 0.15258750131343285
4.0 4 128 16 0.001 0.16571789214925373 0.15873686002985074
4.0 4 128 16 0.002 0.16203568598507465 0.15543018998507463
4.0 4 128 32 0.001 0.16378087664179106 0.1573742589402985
4.0 4 128 32 0.002 0.16249814811940297 0.15363314686567164
4.0 8 32 16 0.001 0.16263325201492537 0.15471411256716416
4.0 8 32 16 0.002 0.16442788965671642 0.15278315564179104
4.0 8 32 32 0.001 0.16698485868656715 0.15442290707462686
4.0 8 32 32 0.002 0.1594943523283582 0.15460104308955225
4.0 8 64 16 0.001 0.16599775150746268 0.1600855728358209
4.0 8 64 16 0.002 0.16212858953731343 0.15232433892537314
4.0 8 64 32 0.001 0.16616661911940298 0.15662344270149253
4.0 8 64 32 0.002 0.16601587655223882 0.15139015447761192
4.0 8 128 16 0.001 0.16755430874626864 0.15585174174626865
4.0 8 128 16 0.002 0.16366466380597017 0.15419826108955226
4.0 8 128 32 0.001 0.1676738674328358 0.15512121153731342
4.0 8 128 32 0.002 0.1605200658208955 0.15448431358208956
4.0 16 32 16 0.001 0.1649334050447761 0.15537695674626864
4.0 16 32 16 0.002 0.1653626458358209 0.1501957776716418
4.0 16 32 32 0.001 0.1668524332686567 0.15829634602985077
4.0 16 32 32 0.002 0.163084509 0.15337609380597014
4.0 16 64 16 0.001 0.16586298429850746 0.15677670868656718
4.0 16 64 16 0.002 0.1642401441044776 0.15185613107462687
4.0 16 64 32 0.001 0.16686641908955224 0.15647561886567163
4.0 16 64 32 0.002 0.1648883677313433 0.15480934505970148
4.0 16 128 16 0.001 0.167132171880597 0.15507049053731342
4.0 16 128 16 0.002 0.16670965747761196 0.15368409479104478
4.0 16 128 32 0.001 0.16323127091044776 0.1560846330149254
4.0 16 128 32 0.002 0.16168900256716418 0.1502407279552239
4.0 32 32 16 0.001 0.1746889187313433 0.15720318177611942
4.0 32 32 16 0.002 0.16847223647761195 0.15366143058208956
4.0 32 32 32 0.001 0.16313312531343283 0.15614429141791042
4.0 32 32 32 0.002 0.16821024862686568 0.15433962243283583
4.0 32 64 16 0.001 0.16640486138805968 0.1582394998358209
4.0 32 64 16 0.002 0.1659985172835821 0.15250087997014924
4.0 32 64 32 0.001 0.1648509562089552 0.15608273759701494
4.0 32 64 32 0.002 0.16413235062686568 0.15305361602985076
4.0 32 128 16 0.001 0.16762490668656718 0.15693146368656716
4.0 32 128 16 0.002 0.16732649179104478 0.1561334222238806
4.0 32 128 32 0.001 0.1680253223134328 0.1540571732835821
4.0 32 128 32 0.002 0.16477113192537313 0.15505887325373136
8.0 4 32 16 0.001 0.16822425779104477 0.15681600120895522
8.0 4 32 16 0.002 0.17647447029850746 0.15154516491044778
8.0 4 32 32 0.001 0.17357759086567162 0.15748740752238805
8.0 4 32 32 0.002 0.1719913296119403 0.1568360572835821
8.0 4 64 16 0.001 0.17406887385074626 0.15771411305522387
8.0 4 64 16 0.002 0.173457329238806 0.15364259946268655
8.0 4 64 32 0.001 0.17261706980298505 0.1570743812238806
8.0 4 64 32 0.002 0.1684905183283582 0.15032962310447762
8.0 4 128 16 0.001 0.1678816257910448 0.15582098631343283
8.0 4 128 16 0.002 0.17218138686567167 0.15459525879104477
8.0 4 128 32 0.001 0.1755844049850746 0.15449531501343283
8.0 4 128 32 0.002 0.16951821247761195 0.15270852746268654
8.0 8 32 16 0.001 0.16847442379104477 0.156896529880597
8.0 8 32 16 0.002 0.1690814957761194 0.156731743
8.0 8 32 32 0.001 0.1725858187164179 0.15627597664179102
8.0 8 32 32 0.002 0.17403057898507462 0.15315008641791042
8.0 8 64 16 0.001 0.17201129361194026 0.15740963323880597
8.0 8 64 16 0.002 0.16959390159701493 0.1535115853880597
8.0 8 64 32 0.001 0.17168444156716417 0.15451312041791043
8.0 8 64 32 0.002 0.16879628837313432 0.15527391923880599
8.0 8 128 16 0.001 0.17721133610447762 0.15773943145373134
8.0 8 128 16 0.002 0.17267409156716418 0.15500457329850745
8.0 8 128 32 0.001 0.17088842529850745 0.15592099652238806
8.0 8 128 32 0.002 0.16476138698507461 0.15301836380597014
8.0 16 32 16 0.001 0.17672593223880598 0.1586473262835821
8.0 16 32 16 0.002 0.17095885179104478 0.15266761934328357
8.0 16 32 32 0.001 0.17741191576119403 0.15399623523880596
8.0 16 32 32 0.002 0.1713330770597015 0.15523846367164176
8.0 16 64 16 0.001 0.1719540850447761 0.15713914897014924
8.0 16 64 16 0.002 0.16936495791044776 0.15520135302985075
8.0 16 64 32 0.001 0.1696229313880597 0.15437499031343282
8.0 16 64 32 0.002 0.16803642885074627 0.152087504238806
8.0 16 128 16 0.001 0.1715149845074627 0.15837543829850745
8.0 16 128 16 0.002 0.17706230813432838 0.15604947623283583
8.0 16 128 32 0.001 0.1728124846119403 0.1558949406716418
8.0 16 128 32 0.002 0.17071846970149254 0.15646839507462687
8.0 32 32 16 0.001 0.17156274529850746 0.15918265638656717
8.0 32 32 16 0.002 0.1724542768358209 0.15782932680597014
8.0 32 32 32 0.001 0.17145246356716418 0.15604766553432833
8.0 32 32 32 0.002 0.17083444280597015 0.1588435002238806
8.0 32 64 16 0.001 0.176674164880597 0.15744186263432836
8.0 32 64 16 0.002 0.18017091265671642 0.1571670972925373
8.0 32 64 32 0.001 0.17772909976119405 0.1590676751716418
8.0 32 64 32 0.002 0.17123340753731342 0.15533982068656718
8.0 32 128 16 0.001 0.17112097980597016 0.1589655782626866
8.0 32 128 16 0.002 0.17352677464179103 0.15562052119402986
8.0 32 128 32 0.001 0.17337684814925375 0.15907672605522388
8.0 32 128 32 0.002 0.1711074645671642 0.15506140554925374
