4.0 16 32 16 0.001 0.13979774213487883 0.12482457494078246
4.0 16 64 16 0.001 0.1422240400276762 0.1203260295776106
4.0 16 128 16 0.001 0.1353001215896019 0.11862541515813357
4.0 16 32 32 0.001 0.1381460445212072 0.1248423938581293
4.0 16 64 32 0.001 0.14433588525485577 0.12488912663755361
4.0 16 128 32 0.001 0.13762868818842403 0.12428047224496977
4.0 16 32 16 0.002 0.13877238871881367 0.12516622360231663
4.0 16 64 16 0.002 0.14473623981417888 0.12348652710142499
4.0 16 128 16 0.002 0.1376509144295352 0.12042260334354576
4.0 16 32 32 0.002 0.13809810604474107 0.11982260297464475
4.0 16 64 32 0.002 0.14358977462307007 0.12002572051090321
4.0 16 128 32 0.002 0.13967246074392844 0.12068778887869627
